1
2
4
5
6
7
8
9
10
11
12
13
14
15
19
20
21
22
23
24
25
26
27
28
29
30
31
32
33
34
35
36
37
38
39
40
41
42
43
44
45
46
47
48
49
51
52
53
56
57
60
61
62
64
65
66
67
68
69
70
71
72
73
74
75
76
77
78
79
80
81
82
83
84
85
86
87
88
89
90
91
92
93
94
95
96
97
98
99
100
101
102
103
104
105
106
107
108
109
110
111
112
113
114
115
116
117
118
119
121
122
123
124
125
126
127
128
129
131
132
133
135
136
137
138
139
141
142
143
145
146
147
149
151
152
153
155
156
157
159
160
161
162
163
164
165
166
167
169
170
171
172
173
174
175
176
177
178
179
180
181
182
183
184
185
186
187
188
189
190
191
192
193
194
195
196
197
198
199
200
201
202
203
204
205
206
207
208
209
210
211
212
213
214
215
216
217
218
219
220
221
222
223
224
225
226
227
228
229
230
231
232
233
234
235
236
237
238
239
240
241
242
243
244
246
247
248
249
250
251
252
253
254
255
256
257
258
259
260
261
262
263
264
266
267
268
269
270
271
272
273
274
276
277
279
280
281
282
283
284
286
287
288
289
290
291
292
293
294
296
297
299
300
301
302
303
304
306
307
309
310
311
312
313
314
316
317
319
320
321
322
323
324
326
327
329
330
331
332
333
334
336
337
339
340
341
342
343
344
346
347
349
350
351
352
353
354
355
356
357
359
360
361
362
363
364
365
366
367
368
369
370
371
372
373
374
375
376
377
379
380
381
382
383
384
385
386
387
388
389
390
391
392
393
394
395
396
397
398
399
400
401
402
403
404
405
406
407
408
409
410
411
412
413
414
415
416
417
418
419
420
421
422
423
424
425
426
427
428
429
430
431
432
433
434
435
436
437
438
439
440
441
442
443
444
445
446
447
449
450
451
452
453
454
455
456
457
458
459
460
461
462
463
464
465
466
467
468
469
470
471
472
473
474
475
476
477
478
479
480
481
482
484
485
486
487
488
489
490
491
492
493
494
495
496
497
498
499
500
501
502
504
505
506
507
508
509
510
511
513
514
515
516
517
519
520
521
522
523
524
525
526
527
528
529
530
531
532
533
534
535
536
537
539
540
541
542
543
544
545
546
548
549
550
551
552
554
555
556
557
559
560
561
562
563
564
565
566
568
569
570
571
572
574
575
577
578
579
580
581
583
584
585
586
587
589
590
591
592
594
595
596
597
598
599
600
601
603
604
605
606
607
609
610
612
613
614
615
616
618
619
620
621
623
624
625
626
627
629
630
632
633
634
635
636
638
639
640
641
642
643
644
645
647
648
649
650
651
652
653
654
655
656
658
659
660
661
662
664
665
667
668
669
670
671
673
674
675
676
677
678
679
680
681
682
683
684
685
687
688
689
690
691
693
694
695
696
697
698
699
700
702
703
704
705
706
707
708
709
710
711
712
713
714
715
716
717
718
719
720
722
723
724
725
726
727
728
729
730
731
732
733
734
735
736
737
738
739
740
741
742
743
744
745
746
747
748
749
750
751
752
753
754
755
757
758
759
760
761
762
763
764
765
766
767
768
769
770
771
772
773
774
775
776
777
778
779
780
781
782
783
784
785
786
787
788
789
790
791
792
793
794
795
796
797
798
799
800
801
802
803
804
805
806
807
808
809
810
811
813
814
815
816
817
818
819
820
821
822
823
824
825
826
827
828
829
830
831
832
833
834
835
836
837
838
839
840
841
842
843
844
845
846
848
849
850
851
852
853
854
855
856
857
858
859
860
861
862
863
864
865
867
869
870
871
873
874
875
876
877
878
879
880
881
882
883
884
885
886
887
888
889
890
891
892
893
894
895
896
897
898
899
900
901
902
904
905
906
907
908
909
910
911
912
913
914
915
916
917
918
919
920
921
923
925
926
927
929
930
931
932
933
934
935
936
937
939
940
941
942
943
944
945
946
947
948
949
950
951
952
953
954
955
956
958
960
961
962
964
965
966
967
968
969
970
971
972
973
974
975
977
979
981
983
985
986
987
988
989
990
991
992
993
995
996
997
998
999
1000
1001
1002
1003
1004
1005
1006
1007
1008
1009
1010
1011
1012
1014
1016
1017
1018
1020
1021
1022
1023
1024
1025
1026
1027
1028
1030
1031
1033
1035
1036
1037
1039
1041
1042
1043
1044
1045
1046
1047
1049
1051
1052
1053
1055
1056
1057
1058
1059
1060
1061
1062
1063
1064
1065
1066
1068
1070
1072
1074
1076
1077
1078
1079
1080
1081
1082
1083
1084
1086
1087
1089
1090
1091
1093
1095
1097
1098
1099
1100
1101
1102
1103
1105
1107
1108
1109
1111
1112
1113
1114
1115
1116
1117
1118
1119
1120
1121
1122
1124
1126
1127
1128
1130
1132
1133
1134
1135
1136
1137
1138
1139
1140
1142
1143
1144
1145
1146
1147
1149
1151
1152
1153
1154
1155
1156
1157
1159
1161
1162
1163
1165
1167
1168
1169
1170
1171
1172
1173
1174
1175
1176
1177
1178
1180
1181
1182
1184
1186
1187
1188
1189
1190
1191
1192
1193
1194
1195
1196
1198
1199
1201
1202
1203
1205
1206
1207
1208
1209
1210
1211
1212
1213
1215
1217
1218
1219
1221
1222
1223
1224
1225
1226
1227
1228
1229
1230
1231
1232
1233
1234
1235
1236
1237
1238
1240
1242
1243
1244
1245
1246
1247
1248
1249
1250
1251
1252
1253
1254
1255
1256
1257
1258
1259
1260
1261
1262
1263
1264
1265
1266
1267
1268
1269
1271
1272
1273
1275
1277
1278
1279
1280
1281
1282
1283
1285
1286
1287
1288
1289
1290
1291
1292
1293
1294
1296
1297
1298
1299
1300
1301
1302
1303
1304
1305
1306
1307
1308
1309
1310
1311
1312
1313
1314
1315
1316
1317
1318
1319
1320
1321
1322
1323
1324
1325
1326
1327
1328
1329
1331
1332
1333
1334
1335
1336
1337
1338
1339
1341
1342
1343
1344
1345
1346
1347
1348
1349
1350
1351
1352
1353
1354
1355
1356
1357
1358
1359
1360
1361
1362
1363
1364
1365
1366
1367
1369
1370
1371
1372
1373
1375
1376
1377
1378
1379
1380
1381
1382
1383
1384
1385
1387
1388
1389
1391
1392
1393
1394
1395
1396
1397
1398
1399
1400
1401
1402
1403
1404
1405
1406
1407
1408
1409
1410
1411
1412
1413
1414
1415
1416
1417
1418
1419
1420
1421
1422
1423
1425
1426
1427
1428
1429
1430
1431
1432
1433
1434
1435
1436
1437
1438
1439
1440
1441
1442
1443
1444
1445
1446
1447
1448
1449
1450
1451
1453
1454
1455
1456
1457
1459
1460
1461
1462
1463
1464
1465
1466
1467
1468
1469
1470
1471
1472
1473
1475
1476
1477
1478
1479
1481
1482
1483
1484
1485
1486
1487
1488
1489
1490
1491
1492
1493
1494
1495
1496
1497
1498
1499
1500
1501
1502
1503
1504
1505
1506
1507
1509
1510
1511
1512
1513
1515
1516
1517
1518
1519
1520
1521
1522
1523
1524
1525
1526
1527
1528
1529
1531
1532
1533
1534
1535
1537
1538
1539
1540
1541
1543
1544
1545
1546
1547
1549
1550
1551
1552
1553
1554
1555
1556
1557
1559
1560
1561
1562
1563
1565
1566
1567
1568
1569
1570
1571
1572
1573
1574
1575
1576
1577
1578
1579
1581
1582
1583
1584
1585
1586
1587
1588
1589
1590
1591
1593
1594
1595
1596
1597
1599
1600
1601
1602
1603
1604
1605
1606
1607
1608
1609
1610
1611
1612
1613
1615
1616
1617
1618
1619
1621
1622
1623
1624
1625
1627
1628
1629
1630
1631
1633
1634
1635
1636
1637
1638
1639
1640
1641
1643
1644
1645
1646
1647
1649
1650
1651
1652
1653
1655
1656
1657
1658
1659
1660
1661
1662
1663
1665
1666
1667
1668
1669
1671
1672
1673
1674
1675
1677
1678
1679
1680
1681
1683
1684
1685
1686
1687
1689
1690
1691
1692
1693
1694
1695
1696
1697
1699
1700
1701
1702
1703
1705
1706
1707
1708
1709
1711
1712
1713
1714
1715
1717
1718
1719
1721
1722
1723
1724
1725
1727
1728
1729
1730
1731
1733
1734
1735
1736
1737
1739
1740
1741
1742
1743
1744
1745
1746
1747
1749
1750
1751
1752
1753
1755
1756
1757
1758
1759
1760
1761
1762
1763
1764
1765
1767
1768
1769
1770
1771
1773
1774
1775
1776
1777
1778
1779
1780
1781
1783
1784
1785
1786
1787
1789
1790
1791
1792
1793
1795
1796
1797
1798
1799
1801
1802
1803
1805
1806
1807
1808
1809
1810
1811
1812
1813
1814
1817
1818
1819
1820
1821
1823
1824
1825
1826
1827
1829
1830
1831
1833
1834
1835
1836
1837
1839
1840
1841
1842
1843
1845
1846
1847
1848
1849
1851
1852
1853
1854
1855
1857
1858
1859
1861
1862
1863
1864
1865
1867
1868
1869
1870
1871
1873
1874
1875
1876
1877
1879
1880
1881
1882
1883
1884
1885
1886
1887
1889
1890
1891
1892
1893
1895
1896
1897
1898
1899
1900
1901
1902
1903
1904
1905
1907
1908
1909
1910
1911
1913
1914
1915
1917
1918
1919
1920
1921
1923
1924
1925
1926
1927
1929
1930
1931
1932
1933
1934
1936
1937
1938
1939
1941
1942
1943
1945
1946
1947
1948
1949
1950
1951
1952
1953
1954
1955
1957
1958
1959
1960
1961
1963
1964
1965
1966
1967
1968
1969
1970
1971
1973
1974
1975
1976
1977
1979
1980
1981
1982
1983
1984
1985
1986
1987
1988
1989
1990
1991
1992
1993
1994
1995
1997
1998
1999
2000
2001
2002
2003
2004
2005
2007
2008
2009
2010
2011
2013
2014
2015
2016
2017
2020
2021
2022
2023
2024
2025
2026
2027
2029
2030
2031
2032
2033
2035
2036
2037
2038
2039
2040
2041
2042
2043
2044
2045
2047
2048
2049
2050
2051
2052
2053
2054
2056
2057
2058
2059
2060
2061
2063
2064
2065
2066
2067
2069
2070
2071
2072
2073
2075
2076
2077
2078
2079
2081
2082
2083
2084
2085
2086
2087
2088
2089
2090
2091
2092
2093
2094
2095
2097
2098
2099
2100
2101
2103
2104
2106
2107
2108
2109
2110
2111
2112
2113
2114
2116
2117
2119
2120
2121
2122
2123
2124
2125
2126
2127
2128
2129
2130
2131
2132
2133
2134
2135
2136
2137
2138
2140
2141
2142
2143
2144
2145
2147
2148
2149
2150
2151
2153
2154
2155
2156
2157
2158
2159
2160
2161
2162
2163
2164
2165
2166
2167
2168
2169
2170
2171
2172
2173
2174
2176
2177
2178
2179
2180
2181
2182
2183
2184
2185
2187
2188
2189
2190
2191
2192
2193
2195
2196
2197
2198
2199
2200
2201
2203
2204
2205
2206
2207
2209
2210
2211
2212
2213
2214
2215
2216
2217
2218
2219
2220
2221
2222
2224
2226
2227
2228
2229
2230
2231
2232
2233
2234
2237
2238
2239
2240
2241
2242
2243
2244
2245
2246
2247
2248
2249
2250
2251
2252
2253
2254
2255
2256
2257
2258
2260
2261
2262
2263
2264
2265
2266
2267
2268
2269
2270
2271
2272
2273
2274
2275
2276
2277
2279
2280
2281
2282
2283
2284
2285
2286
2287
2288
2289
2290
2291
2293
2294
2296
2297
2298
2299
2300
2301
2302
2303
2304
2305
2306
2307
2308
2310
2311
2312
2313
2315
2316
2317
2318
2320
2321
2322
2323
2324
2325
2326
2327
2328
2329
2330
2331
2332
2334
2335
2336
2337
2338
2339
2340
2341
2342
2344
2346
2347
2348
2349
2350
2351
2352
2353
2354
2356
2357
2358
2359
2360
2361
2362
2363
2365
2366
2367
2368
2369
2370
2371
2372
2373
2375
2377
2378
2380
2381
2382
2383
2384
2385
2386
2387
2388
2389
2390
2391
2392
2393
2394
2396
2397
2399
2400
2401
2402
2403
2404
2406
2407
2408
2409
2410
2411
2412
2413
2414
2416
2417
2418
2419
2420
2421
2422
2423
2424
2425
2426
2428
2430
2431
2432
2433
2435
2436
2437
2438
2440
2441
2442
2443
2444
2445
2446
2447
2448
2449
2450
2451
2452
2454
2455
2456
2457
2458
2459
2460
2461
2462
2464
2466
2467
2468
2469
2470
2471
2472
2473
2474
2476
2477
2478
2479
2480
2481
2483
2485
2486
2487
2488
2489
2490
2491
2492
2493
2495
2496
2497
2498
2500
2501
2502
2503
2504
2505
2506
2507
2508
2509
2510
2511
2512
2514
2516
2517
2519
2520
2521
2522
2524
2526
2527
2528
2529
2530
2531
2532
2533
2534
2535
2536
2538
2539
2540
2541
2542
2543
2544
2545
2546
2548
2550
2551
2552
2553
2555
2556
2557
2558
2560
2561
2562
2563
2564
2565
2566
2567
2569
2570
2571
2572
2574
2575
2576
2577
2579
2580
2581
2582
2584
2586
2587
2588
2589
2590
2591
2592
2593
2594
2596
2597
2598
2600
2601
2603
2605
2606
2607
2608
2610
2611
2612
2613
2615
2616
2617
2618
2620
2621
2622
2624
2625
2626
2627
2628
2629
2630
2631
2632
2634
2636
2637
2639
2641
2642
2644
2646
2647
2648
2649
2650
2651
2652
2653
2655
2656
2658
2659
2660
2661
2662
2663
2665
2666
2668
2670
2671
2672
2673
2674
2675
2676
2677
2678
2680
2681
2682
2683
2684
2685
2687
2689
2690
2691
2692
2694
2696
2697
2699
2700
2701
2702
2704
2706
2707
2708
2709
2710
2711
2712
2713
2714
2715
2716
2718
2720
2721
2723
2725
2726
2727
2728
2730
2731
2732
2733
2735
2736
2737
2738
2739
2740
2742
2744
2745
2746
2747
2748
2749
2750
2751
2752
2754
2756
2757
2759
2760
2761
2762
2764
2766
2767
2768
2769
2770
2771
2773
2775
2776
2778
2779
2780
2781
2783
2785
2786
2788
2790
2791
2792
2793
2794
2795
2796
2797
2798
2800
2801
2802
2804
2807
2809
2810
2811
2812
2814
2816
2817
2819
2820
2821
2822
2823
2824
2825
2826
2828
2829
2830
2831
2832
2833
2834
2835
2836
2838
2840
2841
2843
2845
2846
2847
2848
2850
2851
2852
2853
2854
2855
2856
2857
2859
2860
2862
2864
2865
2866
2867
2869
2870
2871
2872
2874
2876
2877
2878
2879
2880
2881
2882
2884
2886
2887
2888
2889
2890
2891
2893
2895
2896
2898
2900
2901
2903
2905
2906
2908
2909
2910
2911
2912
2914
2915
2916
2917
2918
2919
2920
2921
2922
2924
2927
2929
2930
2931
2932
2934
2936
2937
2939
2940
2941
2942
2943
2944
2946
2948
2949
2950
2951
2952
2953
2955
2956
2958
2960
2961
2963
2964
2965
2966
2967
2968
2971
2972
2973
2974
2975
2977
2979
2980
2982
2984
2985
2986
2987
2989
2990
2991
2992
2994
2995
2996
2997
2998
2999
3000
3001
3002
3004
3005
3006
3007
3009
3010
3011
3013
3015
3016
3017
3018
3020
3021
3023
3025
3026
3027
3028
3029
3030
3032
3034
3035
3036
3037
3038
3039
3040
3042
3044
3045
3047
3049
3050
3051
3052
3054
3056
3057
3058
3059
3061
3063
3064
3066
3068
3069
3070
3071
3073
3075
3076
3078
3079
3080
3081
3082
3083
3084
3086
3087
3088
3091
3092
3093
3094
3095
3097
3099
3100
3102
3104
3105
3106
3107
3109
3110
3111
3112
3113
3114
3115
3116
3118
3119
3120
3121
3122
3123
3124
3125
3126
3128
3129
3130
3131
3133
3134
3136
3137
3138
3140
3141
3143
3144
3145
3146
3147
3148
3149
3150
3152
3154
3155
3156
3157
3159
3160
3162
3164
3165
3166
3167
3168
3169
3170
3171
3172
3174
3176
3177
3178
3179
3180
3181
3183
3184
3186
3188
3189
3190
3191
3193
3195
3196
3197
3198
3199
3200
3201
3202
3203
3204
3205
3206
3207
3208
3209
3211
3212
3214
3215
3217
3219
3220
3221
3222
3224
3226
3227
3229
3230
3231
3232
3233
3234
3235
3236
3238
3239
3240
3241
3242
3243
3244
3245
3246
3248
3249
3251
3252
3253
3254
3256
3257
3258
3260
3261
3262
3263
3264
3265
3266
3267
3268
3269
3270
3272
3273
3274
3275
3276
3277
3279
3280
3282
3283
3284
3285
3286
3287
3288
3289
3290
3291
3292
3294
3295
3296
3297
3298
3299
3301
3303
3304
3306
3307
3308
3309
3310
3311
3313
3315
3316
3317
3318
3319
3320
3322
3323
3324
3325
3326
3327
3328
3329
3330
3332
3334
3335
3337
3339
3340
3341
3342
3344
3346
3347
3348
3349
3350
3351
3352
3353
3354
3355
3356
3358
3359
3360
3361
3363
3364
3365
3366
3368
3369
3371
3372
3373
3374
3377
3378
3379
3380
3381
3382
3383
3384
3385
3386
3387
3388
3389
3392
3393
3394
3395
3396
3397
3399
3400
3401
3402
3403
3404
3405
3406
3407
3408
3409
3410
3411
3412
3413
3414
3416
3418
3419
3421
3422
3423
3424
3425
3426
3427
3429
3430
3431
3433
3434
3435
3436
3437
3438
3439
3440
3442
3443
3444
3445
3446
3447
3448
3449
3450
3452
3454
3455
3456
3457
3459
3460
3461
3462
3463
3464
3466
3467
3468
3469
3470
3471
3472
3473
3474
3475
3476
3477
3478
3479
3481
3483
3484
3485
3486
3487
3488
3489
3490
3491
3492
3493
3494
3496
3497
3498
3499
3500
3501
3502
3504
3506
3507
3508
3509
3511
3512
3513
3514
3515
3516
3517
3519
3520
3521
3522
3523
3524
3525
3526
3527
3528
3529
3531
3532
3533
3534
3536
3538
3539
3542
3543
3544
3545
3546
3547
3548
3549
3550
3551
3552
3553
3554
3556
3557
3558
3559
3560
3562
3563
3564
3565
3566
3567
3568
3569
3570
3572
3573
3574
3575
3576
3577
3579
3581
3582
3583
3584
3586
3587
3588
3589
3590
3591
3592
3594
3595
3596
3597
3598
3599
3600
3601
3603
3604
3605
3606
3607
3608
3609
3610
3611
3612
3613
3614
3615
3616
3617
3619
3620
3622
3624
3625
3626
3627
3628
3629
3631
3632
3633
3634
3635
3636
3637
3638
3639
3640
3641
3642
3643
3644
3646
3647
3648
3649
3650
3651
3652
3653
3654
3656
3658
3659
3662
3663
3664
3665
3666
3667
3669
3671
3672
3673
3674
3676
3677
3678
3679
3680
3681
3682
3683
3684
3685
3686
3687
3688
3689
3690
3691
3692
3693
3694
3696
3697
3698
3699
3701
3702
3703
3704
3707
3708
3709
3710
3711
3712
3714
3715
3716
3717
3719
3721
3722
3723
3724
3725
3726
3727
3728
3729
3730
3731
3732
3733
3734
3735
3736
3737
3739
3740
3742
3746
3747
3748
3749
3751
3752
3753
3754
3755
3756
3757
3759
3760
3761
3762
3763
3764
3766
3767
3768
3769
3770
3771
3772
3773
3774
3775
3776
3777
3778
3779
3781
3782
3784
3785
3786
3787
3789
3791
3792
3793
3794
3797
3798
3799
3800
3801
3802
3803
3804
3805
3806
3807
3808
3809
3811
3812
3813
3814
3816
3817
3818
3819
3822
3823
3824
3827
3828
3829
3830
3831
3832
3834
3836
3837
3838
3839
3841
3842
3843
3844
3845
3846
3847
3849
3850
3851
3852
3853
3854
3855
3856
3857
3858
3859
3862
3864
3866
3867
3868
3869
3872
3874
3875
3876
3877
3879
3880
3881
3882
3883
3884
3886
3887
3888
3889
3890
3891
3892
3893
3894
3895
3896
3897
3899
3900
3901
3902
3904
3905
3906
3907
3911
3912
3913
3914
3916
3917
3918
3919
3920
3921
3922
3924
3926
3927
3928
3929
3931
3932
3933
3934
3935
3936
3937
3939
3941
3942
3943
3944
3947
3949
3951
3952
3954
3956
3957
3958
3959
3962
3963
3964
3965
3966
3967
3968
3969
3970
3971
3972
3973
3974
3976
3977
3978
3979
3981
3982
3983
3984
3987
3988
3989
3992
3993
3994
3995
3996
3997
3999
4001
4002
4003
4004
4006
4007
4008
4009
4010
4011
4012
4014
4015
4016
4017
4018
4019
4020
4021
4022
4024
4026
4027
4031
4032
4033
4034
4037
4039
4040
4041
4042
4044
4045
4046
4047
4048
4049
4051
4052
4053
4054
4055
4056
4057
4058
4059
4060
4061
4062
4064
4065
4066
4067
4069
4070
4071
4072
4076
4077
4078
4079
4082
4083
4084
4085
4086
4087
4089
4091
4092
4093
4094
4096
4097
4098
4099
4101
4102
4104
4107
4108
4109
4112
4114
4116
4117
4119
4121
4122
4123
4124
4127
4128
4129
4130
4131
4132
4134
4135
4136
4137
4138
4139
4141
4142
4143
4144
4146
4147
4148
4149
4152
4153
4154
4157
4159
4160
4161
4162
4164
4166
4167
4168
4169
4171
4172
4173
4174
4175
4176
4177
4179
4180
4181
4182
4184
4185
4186
4187
4189
4191
4192
4196
4197
4198
4199
4200
4201
4202
4204
4205
4206
4207
4209
4211
4212
4213
4214
4217
4218
4219
4220
4221
4223
4224
4225
4226
4227
4229
4230
4232
4234
4236
4237
4242
4243
4244
4247
4248
4249
4250
4251
4252
4253
4254
4256
4257
4258
4259
4261
4262
4263
4264
4267
4268
4269
4272
4273
4274
4277
4278
4279
4281
4282
4284
4286
4287
4288
4289
4292
4294
4295
4296
4297
4299
4300
4301
4303
4304
4306
4307
4309
4311
4312
4313
4317
4319
4320
4322
4324
4325
4326
4327
4329
4331
4332
4333
4334
4335
4336
4337
4338
4339
4340
4341
4342
4344
4345
4346
4347
4349
4350
4351
4352
4354
4355
4356
4357
4361
4362
4364
4365
4367
4369
4371
4372
4374
4376
4377
4379
4382
4383
4384
4385
4386
4387
4388
4389
4390
4392
4394
4395
4397
4399
4401
4402
4403
4404
4407
4408
4409
4412
4413
4414
4415
4416
4417
4419
4421
4422
4423
4424
4426
4427
4428
4429
4432
4433
4434
4437
4438
4439
4444
4446
4447
4449
4451
4452
4453
4454
4455
4456
4457
4459
4460
4461
4462
4464
4465
4466
4467
4469
4470
4471
4472
4474
4476
4477
4478
4480
4481
4482
4484
4485
4486
4487
4489
4490
4491
4492
4494
4496
4497
4498
4499
4500
4502
4503
4504
4505
4506
4507
4509
4510
4511
4512
4514
4515
4516
4517
4519
4521
4527
4528
4529
4530
4532
4534
4536
4537
4538
4539
4541
4542
4544
4547
4548
4549
4550
4552
4553
4554
4555
4557
4558
4559
4560
4562
4563
4564
4566
4567
4569
4572
4573
4574
4575
4577
4579
4580
4581
4582
4584
4586
4587
4588
4589
4590
4591
4592
4593
4594
4597
4602
4604
4605
4609
4611
4612
4614
4615
4616
4617
4618
4619
4620
4621
4622
4624
4625
4626
4627
4629
4630
4631
4632
4634
4635
4636
4637
4639
4640
4641
4642
4643
4645
4646
4647
4649
4650
4652
4654
4656
4657
4659
4663
4664
4665
4667
4668
4669
4670
4671
4672
4673
4674
4675
4676
4677
4679
4680
4681
4682
4684
4688
4689
4692
4693
4694
4695
4697
4698
4699
4701
4702
4703
4704
4706
4707
4709
4710
4712
4713
4714
4715
4717
4718
4719
4720
4722
4723
4724
4725
4727
4729
4731
4732
4734
4737
4739
4740
4741
4744
4745
4746
4747
4749
4750
4751
4752
4753
4754
4755
4756
4757
4758
4759
4761
4762
4765
4766
4767
4769
4770
4771
4772
4774
4775
4776
4777
4779
4780
4781
4782
4783
4784
4785
4787
4789
4790
4791
4792
4794
4795
4796
4797
4799
4800
4801
4802
4804
4805
4807
4808
4810
4812
4814
4815
4817
4819
4821
4822
4823
4824
4828
4829
4830
4832
4833
4834
4835
4837
4838
4839
4840
4841
4842
4843
4844
4845
4846
4847
4848
4849
4853
4854
4857
4858
4859
4860
4862
4864
4866
4868
4869
4870
4871
4872
4874
4875
4876
4877
4878
4879
4880
4883
4884
4885
4887
4889
4890
4891
4892
4894
4896
4897
4898
4899
4900
4901
4902
4904
4905
4906
4909
4910
4911
4912
4914
4915
4916
4917
4918
4919
4920
4921
4922
4923
4924
4925
4926
4927
4930
4931
4934
4935
4936
4937
4939
4941
4942
4943
4944
4945
4948
4949
4950
4952
4954
4955
4956
4957
4958
4959
4960
4961
4964
4965
4966
4967
4969
4970
4972
4973
4974
4975
4977
4979
4980
4982
4984
4986
4987
4988
4989
4990
4994
4995
4997
4998
4999
5000
5002
5003
5004
5005
5006
5007
5009
5010
5011
5012
5013
5014
5017
5018
5019
5020
5022
5024
5025
5027
5029
5031
5032
5033
5034
5035
5036
5037
5039
5040
5041
5042
5043
5044
5045
5046
5048
5049
5050
5051
5052
5054
5055
5056
5057
5059
5060
5061
5062
5063
5064
5065
5066
5067
5069
5070
5071
5074
5075
5076
5077
5078
5079
5080
5081
5082
5083
5084
5085
5086
5088
5089
5090
5091
5092
5095
5097
5099
5100
5101
5103
5104
5107
5108
5109
5110
5112
5113
5114
5115
5117
5119
5120
5121
5122
5123
5124
5125
5126
5128
5129
5130
5131
5132
5134
5135
5137
5138
5139
5140
5142
5143
5144
5145
5147
5149
5151
5153
5154
5155
5156
5157
5158
5159
5160
5161
5162
5163
5164
5165
5168
5169
5170
5171
5172
5174
5175
5176
5177
5178
5179
5180
5181
5183
5184
5185
5186
5187
5189
5190
5192
5194
5195
5196
5197
5199
5200
5201
5202
5204
5205
5206
5207
5208
5209
5210
5211
5214
5215
5216
5217
5219
5220
5221
5222
5224
5225
5226
5227
5229
5232
5234
5235
5236
5238
5239
5240
5241
5242
5244
5245
5247
5248
5249
5250
5251
5253
5254
5255
5257
5259
5260
5261
5262
5263
5264
5265
5266
5268
5269
5272
5273
5274
5275
5277
5278
5279
5280
5282
5283
5284
5285
5286
5287
5288
5289
5290
5291
5293
5294
5295
5296
5297
5298
5299
5300
5302
5303
5304
5305
5309
5311
5312
5314
5315
5316
5318
5319
5320
5321
5323
5324
5325
5327
5328
5329
5330
5333
5334
5335
5336
5337
5339
5340
5341
5342
5343
5344
5345
5346
5348
5349
5350
5351
5352
5354
5355
5357
5358
5359
5360
5361
5362
5364
5365
5366
5367
5369
5370
5373
5374
5375
5376
5379
5380
5381
5384
5385
5388
5389
5392
5394
5395
5397
5398
5399
5400
5401
5403
5404
5405
5406
5407
5409
5410
5412
5413
5414
5415
5416
5417
5419
5420
5422
5424
5425
5426
5427
5428
5429
5430
5431
5434
5435
5437
5438
5439
5440
5441
5442
5443
5444
5445
5446
5447
5449
5452
5453
5454
5455
5456
5458
5459
5460
5461
5462
5464
5465
5467
5468
5469
5470
5471
5474
5475
5476
5477
5479
5480
5481
5483
5484
5485
5486
5488
5489
5490
5492
5493
5494
5495
5498
5499
5500
5501
5502
5504
5505
5506
5507
5508
5509
5510
5511
5513
5514
5515
5517
5519
5520
5521
5522
5523
5524
5525
5526
5528
5529
5532
5534
5535
5536
5538
5539
5540
5541
5542
5543
5544
5545
5547
5548
5549
5550
5553
5554
5555
5557
5559
5560
5563
5564
5565
5566
5568
5569
5570
5571
5572
5574
5575
5578
5579
5580
5581
5582
5584
5585
5587
5589
5590
5593
5594
5595
5596
5599
5600
5601
5603
5604
5605
5608
5609
5611
5612
5614
5616
5617
5618
5619
5620
5621
5624
5625
5626
5627
5629
5630
5632
5633
5634
5635
5636
5639
5640
5641
5642
5643
5644
5645
5646
5647
5648
5649
5650
5651
5654
5655
5657
5658
5659
5660
5661
5662
5663
5664
5665
5666
5667
5669
5672
5673
5674
5675
5678
5679
5680
5681
5682
5684
5685
5687
5688
5689
5690
5691
5693
5694
5696
5697
5699
5700
5701
5703
5704
5705
5706
5708
5709
5710
5712
5713
5714
5715
5718
5719
5720
5722
5724
5725
5726
5727
5728
5729
5730
5731
5733
5734
5735
5737
5739
5740
5742
5743
5744
5745
5746
5749
5752
5754
5755
5758
5759
5760
5761
5764
5765
5767
5768
5769
5770
5773
5774
5776
5777
5779
5780
5781
5783
5784
5785
5786
5788
5789
5790
5791
5792
5794
5795
5798
5799
5800
5801
5802
5804
5805
5806
5807
5808
5809
5810
5813
5815
5816
5819
5820
5822
5823
5824
5825
5826
5828
5829
5831
5832
5834
5837
5838
5839
5840
5844
5845
5846
5847
5849
5850
5852
5853
5854
5855
5856
5859
5860
5861
5862
5863
5864
5865
5866
5868
5869
5870
5871
5874
5875
5877
5878
5879
5880
5883
5884
5885
5886
5887
5889
5892
5893
5895
5896
5898
5899
5900
5902
5904
5905
5907
5908
5909
5910
5911
5913
5914
5917
5919
5920
5921
5923
5924
5925
5926
5927
5928
5929
5930
5932
5933
5934
5935
5938
5939
5941
5942
5944
5945
5946
5948
5949
5950
5951
5953
5957
5959
5960
5963
5964
5965
5966
5969
5972
5974
5975
5978
5979
5980
5981
5984
5985
5987
5988
5989
5990
5993
5994
5996
5997
5999
6003
6004
6005
6009
6010
6011
6012
6014
6015
6018
6019
6021
6024
6025
6026
6027
6028
6029
6030
6033
6036
6039
6040
6042
6043
6044
6045
6046
6048
6049
6051
6053
6054
6057
6058
6059
6060
6061
6064
6065
6067
6068
6069
6070
6072
6073
6074
6075
6076
6078
6079
6082
6083
6084
6085
6086
6088
6089
6090
6091
6094
6095
6097
6098
6099
6100
6103
6104
6105
6106
6107
6109
6110
6112
6113
6115
6116
6118
6119
6120
6122
6124
6125
6128
6129
6130
6131
6133
6134
6137
6139
6140
6143
6144
6145
6147
6149
6150
6152
6153
6154
6155
6158
6159
6162
6164
6165
6166
6169
6170
6171
6173
6177
6179
6180
6183
6184
6185
6186
6187
6189
6192
6193
6194
6195
6198
6200
6201
6204
6205
6208
6209
6210
6211
6213
6214
6216
6217
6219
6223
6224
6225
6226
6229
6230
6231
6232
6234
6235
6238
6239
6241
6244
6245
6246
6247
6248
6249
6250
6253
6256
6259
6260
6262
6263
6264
6265
6266
6268
6269
6271
6273
6274
6277
6280
6281
6284
6285
6287
6288
6289
6290
6292
6293
6294
6295
6296
6298
6299
6302
6303
6304
6305
6306
6308
6309
6310
6311
6312
6313
6314
6315
6317
6318
6319
6320
6323
6324
6326
6327
6328
6329
6330
6333
6335
6336
6339
6342
6344
6345
6348
6349
6350
6351
6353
6354
6357
6358
6359
6360
6363
6364
6365
6367
6369
6370
6372
6373
6374
6375
6378
6379
6382
6384
6389
6390
6391
6392
6397
6399
6400
6403
6404
6406
6407
6409
6410
6412
6413
6414
6415
6418
6421
6424
6425
6428
6429
6430
6431
6432
6433
6434
6437
6438
6439
6443
6444
6445
6446
6449
6450
6452
6453
6455
6458
6459
6461
6463
6464
6467
6468
6469
6470
6471
6473
6476
6477
6479
6480
6482
6483
6484
6485
6486
6488
6489
6490
6491
6492
6493
6494
6495
6497
6500
6501
6504
6505
6507
6508
6509
6510
6513
6514
6515
6516
6518
6519
6522
6523
6525
6529
6530
6532
6533
6534
6535
6537
6538
6540
6543
6544
6547
6548
6549
6550
6551
6553
6555
6556
6557
6559
6562
6565
6568
6569
6571
6572
6573
6574
6577
6578
6579
6580
6583
6587
6589
6590
6593
6594
6595
6596
6598
6599
6602
6603
6604
6608
6609
6610
6611
6612
6617
6618
6619
6620
6623
6627
6629
6630
6632
6633
6634
6635
6637
6638
6641
6644
6645
6648
6649
6651
6653
6654
6656
6657
6658
6659
6663
6666
6669
6670
6672
6673
6675
6676
6678
6679
6681
6683
6684
6687
6688
6689
6690
6691
6693
6694
6696
6697
6698
6699
6700
6702
6703
6704
6705
6706
6708
6709
6712
6713
6714
6715
6717
6718
6720
6721
6723
6724
6727
6728
6729
6730
6733
6734
6735
6736
6737
6738
6739
6743
6745
6749
6750
6752
6753
6754
6755
6757
6758
6760
6763
6764
6767
6768
6769
6770
6773
6774
6775
6776
6777
6779
6782
6785
6788
6789
6792
6793
6794
6795
6796
6797
6798
6799
6800
6802
6803
6807
6809
6810
6813
6815
6817
6818
6819
6822
6823
6824
6828
6829
6830
6831
6832
6834
6835
6837
6839
6840
6843
6846
6847
6848
6849
6853
6854
6855
6856
6857
6858
6861
6862
6863
6864
6865
6868
6869
6871
6873
6874
6875
6876
6877
6878
6879
6880
6882
6883
6886
6889
6890
6892
6893
6895
6896
6898
6899
6901
6903
6904
6907
6908
6911
6913
6914
6915
6917
6918
6919
6920
6921
6922
6923
6925
6926
6928
6929
6932
6933
6934
6935
6936
6937
6938
6940
6941
6943
6944
6947
6949
6950
6953
6956
6957
6958
6959
6962
6963
6965
6967
6972
6973
6974
6975
6978
6980
6981
6982
6983
6984
6987
6988
6989
6990
6993
6994
6995
6996
6997
6998
6999
7001
7002
7003
7005
7006
7009
7012
7013
7014
7015
7017
7018
7019
7020
7022
7023
7027
7029
7030
7033
7036
7037
7038
7039
7042
7043
7044
7047
7048
7051
7052
7054
7055
7057
7059
7060
7061
7062
7063
7066
7067
7068
7069
7072
7073
7074
7075
7076
7077
7078
7079
7081
7082
7083
7084
7085
7088
7089
7091
7093
7094
7097
7099
7101
7103
7107
7108
7109
7110
7112
7113
7114
7115
7116
7118
7119
7121
7122
7123
7127
7128
7131
7133
7134
7135
7137
7139
7140
7141
7142
7143
7145
7146
7148
7149
7152
7153
7155
7156
7157
7158
7159
7160
7161
7162
7163
7164
7166
7167
7170
7173
7177
7178
7179
7181
7182
7183
7185
7187
7188
7192
7193
7194
7195
7199
7200
7201
7202
7203
7204
7207
7208
7209
7210
7212
7213
7214
7216
7217
7218
7219
7220
7221
7223
7224
7225
7226
7229
7232
7233
7235
7237
7238
7239
7241
7242
7243
7247
7249
7250
7253
7256
7257
7258
7259
7260
7261
7262
7263
7264
7265
7267
7268
7271
7272
7274
7275
7277
7278
7279
7280
7281
7282
7283
7286
7287
7288
7289
7292
7293
7297
7298
7299
7300
7301
7302
7303
7304
7305
7306
7307
7308
7311
7313
7317
7319
7321
7323
7326
7327
7328
7329
7330
7331
7333
7334
7335
7336
7339
7341
7342
7343
7345
7347
7348
7351
7352
7353
7354
7357
7359
7360
7361
7362
7363
7365
7366
7367
7368
7369
7372
7373
7375
7376
7377
7378
7379
7380
7381
7382
7383
7384
7387
7390
7391
7393
7397
7398
7399
7402
7403
7404
7405
7407
7408
7411
7413
7414
7415
7419
7421
7423
7425
7426
7427
7428
7429
7430
7432
7433
7434
7436
7437
7438
7439
7440
7441
7442
7443
7444
7445
7446
7447
7449
7452
7453
7455
7457
7458
7459
7461
7462
7463
7464
7465
7467
7468
7469
7470
7471
7473
7476
7477
7478
7479
7480
7483
7485
7487
7488
7491
7492
7493
7494
7495
7497
7498
7499
7500
7501
7502
7503
7504
7505
7506
7507
7509
7512
7513
7516
7517
7518
7519
7521
7523
7524
7525
7527
7530
7531
7533
7537
7541
7542
7543
7544
7545
7546
7547
7548
7549
7550
7551
7552
7555
7556
7559
7562
7563
7565
7566
7567
7568
7571
7572
7573
7574
7577
7578
7579
7581
7583
7584
7585
7586
7587
7588
7589
7590
7591
7592
7593
7595
7596
7597
7599
7601
7603
7604
7605
7607
7610
7611
7613
7614
7615
7617
7619
7620
7622
7623
7625
7626
7627
7628
7631
7632
7633
7634
7635
7639
7641
7643
7645
7646
7647
7648
7649
7650
7651
7652
7653
7654
7656
7657
7658
7659
7660
7661
7662
7663
7664
7665
7666
7667
7668
7669
7670
7673
7675
7677
7679
7681
7682
7683
7684
7685
7687
7688
7689
7690
7691
7693
7697
7699
7700
7703
7705
7706
7707
7711
7713
7714
7715
7716
7717
7718
7719
7720
7721
7722
7723
7724
7725
7726
7727
7729
7730
7731
7732
7733
7736
7737
7738
7739
7741
7742
7743
7744
7745
7747
7750
7751
7753
7757
7761
7762
7763
7764
7765
7766
7767
7768
7769
7771
7773
7775
7776
7777
7778
7779
7782
7783
7784
7785
7786
7787
7788
7789
7791
7792
7793
7797
7798
7801
7803
7804
7805
7807
7809
7810
7811
7813
7815
7816
7817
7819
7821
7822
7823
7825
7827
7829
7830
7831
7832
7833
7834
7835
7837
7840
7842
7843
7845
7846
7847
7848
7849
7851
7852
7853
7854
7857
7858
7859
7861
7863
7865
7867
7869
7870
7871
7872
7873
7874
7876
7877
7878
7879
7880
7881
7882
7883
7884
7885
7887
7889
7890
7891
7893
7895
7897
7899
7901
7902
7903
7905
7907
7908
7909
7911
7912
7913
7914
7915
7919
7920
7923
7925
7926
7927
7929
7931
7932
7933
7934
7935
7936
7937
7938
7940
7941
7942
7943
7944
7945
7946
7947
7948
7949
7950
7951
7952
7953
7956
7957
7958
7959
7961
7962
7963
7967
7968
7969
7970
7971
7973
7974
7975
7976
7977
7980
7981
7983
7986
7987
7989
7991
7993
7995
7997
7999
8000
8002
8003
8004
8005
8006
8007
8009
8010
8011
8012
8013
8017
8018
8021
8022
8023
8024
8025
8027
8030
8031
8033
8035
8036
8037
8039
8041
8042
8043
8045
8047
8048
8049
8051
8052
8053
8054
8055
8057
8059
8060
8061
8062
8063
8066
8067
8068
8069
8071
8072
8073
8074
8075
8077
8078
8079
8081
8083
8084
8085
8087
8089
8090
8091
8093
8095
8096
8097
8099
8101
8102
8103
8105
8107
8109
8110
8111
8113
8115
8116
8117
8119
8121
8122
8123
8126
8127
8128
8129
8131
8132
8133
8134
8135
8137
8138
8139
8140
8143
8145
8146
8147
8149
8151
8152
8153
8155
8157
8158
8160
8161
8162
8163
8164
8165
8166
8167
8168
8169
8170
8171
8173
8175
8176
8177
8179
8181
8182
8183
8185
8187
8188
8189
8191
8193
8194
8195
8197
8199
8200
8201
8206
8207
8209
8211
8212
8213
8215
8217
8220
8221
8222
8223
8224
8225
8226
8227
8229
8230
8231
8232
8233
8235
8236
8237
8238
8241
8242
8243
8244
8245
8247
8248
8249
8251
8253
8255
8256
8257
8259
8261
8262
8263
8265
8266
8267
8268
8269
8271
8273
8274
8275
8277
8279
8280
8283
8286
8287
8288
8289
8290
8291
8292
8293
8295
8297
8298
8299
8301
8303
8304
8305
8307
8309
8310
8311
8313
8315
8316
8317
8319
8321
8322
8323
8325
8327
8328
8330
8331
8333
8334
8335
8336
8337
8338
8339
8341
8342
8343
8345
8346
8347
8348
8349
8351
8352
8353
8354
8355
8357
8358
8359
8360
8361
8363
8365
8367
8369
8371
8373
8375
8376
8377
8378
8381
8383
8385
8387
8389
8390
8391
8395
8396
8397
8399
8401
8402
8403
8405
8407
8408
8409
8411
8412
8413
8415
8417
8419
8420
8421
8423
8426
8427
8429
8431
8432
8433
8435
8437
8438
8439
8441
8443
8444
8445
8446
8447
8448
8449
8450
8451
8452
8453
8454
8455
8456
8457
8459
8461
8462
8463
8465
8467
8468
8469
8471
8473
8474
8475
8477
8479
8480
8481
8483
8485
8486
8487
8491
8492
8493
8495
8497
8499
8500
8501
8503
8506
8507
8508
8509
8510
8511
8512
8513
8515
8516
8517
8518
8519
8521
8522
8523
8524
8525
8527
8528
8529
8530
8531
8533
8535
8536
8537
8539
8541
8542
8543
8545
8547
8548
8549
8551
8552
8553
8554
8555
8557
8559
8560
8561
8565
8566
8568
8571
8572
8573
8574
8575
8577
8578
8579
8581
8584
8585
8587
8589
8590
8591
8593
8595
8596
8597
8599
8601
8602
8603
8605
8607
8609
8610
8611
8613
8616
8617
8619
8620
8621
8622
8623
8625
8626
8627
8628
8629
8631
8632
8633
8634
8635
8637
8638
8639
8640
8641
8643
8644
8646
8647
8649
8651
8652
8653
8655
8657
8658
8659
8661
8663
8664
8665
8667
8669
8670
8671
8673
8675
8676
8677
8681
8682
8683
8685
8687
8688
8689
8691
8694
8695
8697
8699
8701
8703
8705
8706
8707
8709
8711
8712
8713
8715
8717
8718
8719
8720
8721
8723
8725
8726
8727
8729
8730
8731
8732
8733
8735
8736
8737
8738
8739
8741
8742
8743
8744
8745
8747
8748
8749
8751
8753
8754
8755
8759
8761
8762
8763
8765
8766
8767
8769
8771
8772
8773
8774
8777
8779
8780
8781
8783
8785
8787
8791
8792
8793
8794
8795
8796
8797
8798
8799
8801
8802
8803
8804
8805
8807
8808
8809
8810
8811
8813
8815
8816
8817
8819
8821
8822
8823
8825
8827
8828
8829
8831
8833
8835
8836
8837
8838
8839
8840
8841
8843
8845
8846
8847
8848
8849
8851
8852
8854
8855
8857
8858
8859
8860
8861
8863
8864
8865
8867
8870
8871
8873
8875
8876
8877
8879
8881
8882
8883
8884
8887
8889
8890
8891
8893
8895
8896
8897
8899
8901
8902
8903
8905
8906
8907
8908
8909
8911
8913
8914
8915
8917
8918
8920
8921
8923
8925
8926
8929
8932
8933
8935
8937
8938
8939
8941
8943
8944
8945
8949
8950
8951
8952
8953
8955
8956
8957
8959
8961
8962
8963
8965
8967
8968
8969
8971
8973
8974
8975
8977
8980
8981
8983
8985
8986
8987
8989
8991
8992
8993
8997
8998
8999
9000
9001
9003
9005
9006
9007
9011
9012
9013
9015
9016
9017
9018
9019
9021
9022
9023
9024
9025
9027
9028
9029
9030
9031
9033
9034
9035
9036
9037
9039
9041
9042
9045
9047
9048
9049
9051
9053
9054
9055
9060
9061
9063
9065
9066
9067
9069
9071
9073
9074
9075
9077
9078
9079
9081
9082
9083
9084
9085
9087
9089
9090
9091
9093
9095
9096
9097
9099
9101
9102
9103
9107
9108
9109
9110
9111
9113
9115
9116
9117
9119
9120
9122
9123
9124
9125
9126
9127
9128
9129
9131
9132
9133
9134
9135
9137
9138
9140
9141
9143
9144
9145
9146
9147
9149
9151
9153
9157
9158
9159
9161
9162
9163
9164
9165
9167
9170
9171
9173
9175
9176
9177
9179
9181
9182
9183
9185
9187
9188
9189
9191
9193
9194
9195
9197
9199
9200
9201
9203
9205
9206
9207
9209
9211
9212
9215
9218
9219
9221
9223
9224
9225
9227
9229
9230
9231
9232
9235
9236
9237
9238
9239
9241
9242
9243
9244
9245
9247
9248
9251
9253
9255
9257
9259
9260
9261
9263
9267
9268
9269
9271
9272
9273
9275
9277
9279
9280
9281
9285
9286
9287
9289
9292
9293
9297
9298
9299
9301
9302
9303
9304
9305
9307
9308
9309
9310
9313
9314
9315
9316
9317
9319
9321
9322
9323
9325
9327
9328
9331
9333
9334
9335
9336
9337
9339
9340
9341
9345
9346
9347
9349
9351
9352
9353
9354
9355
9357
9360
9361
9363
9364
9365
9366
9367
9368
9369
9370
9371
9375
9376
9377
9379
9381
9382
9383
9385
9387
9388
9389
9390
9391
9393
9395
9396
9397
9399
9401
9402
9403
9405
9406
9408
9409
9411
9412
9413
9414
9417
9418
9419
9420
9424
9426
9427
9429
9431
9433
9435
9437
9438
9439
9441
9443
9445
9447
9449
9450
9451
9453
9455
9456
9457
9458
9459
9461
9462
9463
9465
9467
9468
9471
9473
9474
9475
9477
9479
9480
9481
9483
9486
9487
9489
9491
9492
9493
9495
9497
9498
9499
9500
9501
9504
9505
9507
9509
9511
9512
9513
9515
9516
9517
9518
9521
9522
9523
9524
9525
9527
9528
9529
9530
9531
9534
9537
9539
9540
9541
9542
9543
9545
9547
9549
9551
9553
9555
9557
9559
9560
9561
9563
9565
9566
9567
9571
9572
9573
9575
9578
9579
9580
9583
9584
9585
9587
9588
9589
9590
9591
9595
9596
9599
9601
9602
9603
9605
9607
9608
9609
9611
9614
9615
9616
9617
9619
9621
9622
9623
9625
9627
9628
9631
9632
9633
9634
9635
9637
9638
9639
9640
9641
9643
9646
9649
9650
9651
9652
9653
9654
9656
9657
9661
9662
9663
9664
9665
9667
9668
9669
9670
9671
9673
9676
9677
9679
9681
9682
9683
9685
9687
9688
9689
9691
9692
9694
9695
9697
9698
9699
9700
9701
9704
9705
9706
9711
9712
9713
9715
9717
9718
9719
9721
9724
9725
9727
9729
9731
9733
9735
9736
9737
9739
9741
9742
9743
9744
9745
9747
9748
9749
9750
9751
9753
9757
9759
9760
9761
9763
9765
9766
9769
9772
9773
9774
9775
9777
9778
9780
9781
9783
9786
9791
9793
9795
9797
9798
9799
9801
9802
9803
9804
9807
9809
9810
9811
9813
9814
9815
9817
9820
9821
9822
9823
9825
9827
9828
9829
9831
9834
9835
9837
9839
9841
9842
9843
9845
9846
9847
9851
9852
9853
9855
9857
9858
9859
9860
9861
9865
9866
9869
9871
9873
9875
9876
9877
9879
9881
9882
9885
9887
9888
9889
9890
9891
9893
9894
9895
9896
9901
9902
9903
9905
9907
9908
9909
9910
9911
9913
9914
9917
9919
9920
9921
9923
9924
9925
9927
9929
9930
9931
9932
9935
9937
9938
9939
9940
9942
9943
9944
9947
9950
9951
9953
9955
9956
9959
9962
9963
9965
9967
9968
9969
9970
9971
9973
9975
9978
9980
9981
9983
9984
9985
9986
9987
9989
9991
9992
9995
9997
9998
9999
10001
10003
10004
10005
10006
10007
10010
10012
10013
10015
10016
10017
10018
10021
10022
10027
10028
10029
10030
10031
10032
10033
10034
10035
10036
10037
10040
10041
10043
10045
10046
10047
10048
10049
10051
10053
10054
10055
10058
10060
10061
10063
10065
10066
10069
10072
10077
10079
10080
10081
10083
10084
10085
10088
10090
10091
10093
10095
10096
10097
10099
10101
10103
10105
10107
10108
10109
10111
10113
10114
10115
10117
10120
10121
10122
10125
10126
10127
10128
10129
10132
10133
10137
10138
10139
10140
10141
10143
10144
10145
10146
10147
10150
10154
10155
10157
10158
10159
10161
10162
10163
10165
10167
10168
10170
10171
10173
10174
10175
10176
10177
10179
10181
10182
10187
10188
10189
10190
10191
10193
10194
10195
10200
10201
10203
10205
10206
10207
10209
10210
10211
10215
10217
10218
10221
10223
10224
10225
10226
10229
10230
10233
10235
10236
10237
10239
10241
10242
10244
10245
10248
10249
10250
10251
10253
10254
10255
10256
10257
10259
10260
10264
10265
10266
10267
10269
10271
10272
10273
10275
10277
10278
10281
10283
10285
10286
10287
10289
10291
10293
10298
10299
10301
10302
10303
10304
10307
10308
10310
10311
10314
10315
10316
10317
10318
10319
10320
10322
10323
10324
10326
10327
10328
10329
10331
10333
10334
10335
10337
10339
10340
10345
10347
10349
10351
10352
10355
10358
10360
10361
10363
10365
10366
10367
10369
10370
10371
10374
10376
10377
10379
10381
10382
10385
10387
10390
10391
10393
10395
10396
10397
10399
10400
10401
10407
10408
10409
10411
10412
10413
10414
10415
10416
10418
10419
10420
10424
10425
10426
10427
10429
10430
10432
10433
10436
10440
10441
10443
10444
10445
10447
10448
10449
10456
10457
10459
10461
10463
10465
10467
10468
10470
10471
10473
10475
10476
10477
10479
10480
10481
10484
10485
10486
10489
10491
10492
10493
10497
10500
10501
10503
10504
10505
10506
10507
10509
10510
10511
10512
10518
10521
10522
10523
10525
10527
10529
10530
10531
10534
10537
10539
10540
10541
10542
10543
10545
10546
10550
10551
10552
10553
10555
10557
10558
10559
10560
10564
10566
10567
10569
10571
10573
10575
10579
10580
10581
10585
10587
10588
10589
10590
10593
10594
10596
10597
10600
10601
10602
10603
10604
10605
10606
10608
10609
10610
10612
10613
10614
10615
10616
10617
10619
10620
10621
10626
10628
10631
10633
10634
10635
10637
10638
10639
10641
10644
10645
10647
10649
10651
10652
10653
10655
10657
10662
10663
10664
10665
10667
10668
10670
10671
10676
10679
10680
10681
10682
10683
10687
10691
10693
10695
10696
10697
10698
10699
10700
10701
10703
10704
10706
10711
10712
10713
10715
10716
10719
10724
10725
10726
10727
10729
10730
10731
10741
10742
10743
10745
10747
10748
10749
10750
10751
10754
10755
10756
10757
10759
10761
10762
10763
10765
10767
10770
10771
10772
10775
10777
10778
10779
10783
10786
10789
10790
10791
10792
10793
10796
10798
10800
10804
10805
10807
10808
10809
10811
10813
10816
10820
10821
10823
10824
10825
10827
10828
10829
10831
10832
10834
10836
10837
10839
10840
10841
10844
10845
10852
10853
10855
10857
10858
10860
10861
10864
10865
10866
10867
10871
10872
10873
10874
10875
10876
10882
10885
10887
10889
10891
10892
10895
10896
10898
10899
10901
10902
10903
10905
10906
10909
10912
10914
10915
10917
10919
10920
10921
10923
10924
10930
10931
10933
10935
10937
10938
10939
10941
10943
10944
10949
10950
10951
10953
10954
10957
10961
10962
10965
10967
10968
10969
10970
10973
10976
10977
10981
10982
10983
10984
10985
10986
10994
10995
10997
10998
10999
11001
11005
11006
11011
11013
11015
11016
11017
11018
11019
11021
11024
11027
11028
11029
11031
11034
11035
11036
11040
11042
11043
11045
11046
11047
11048
11050
11051
11056
11057
11059
11060
11061
11063
11064
11065
11070
11072
11075
11077
11078
11079
11080
11083
11084
11086
11090
11091
11093
11094
11095
11102
11104
11105
11106
11107
11109
11110
11111
11113
11114
11115
11118
11120
11121
11123
11125
11126
11127
11129
11131
11134
11135
11138
11139
11141
11143
11146
11147
11150
11152
11154
11155
11156
11157
11158
11160
11162
11169
11171
11173
11175
11176
11177
11180
11184
11185
11187
11188
11189
11191
11193
11195
11198
11200
11201
11203
11205
11206
11208
11209
11214
11216
11217
11219
11220
11221
11224
11225
11230
11231
11236
11237
11239
11247
11248
11251
11253
11255
11256
11259
11260
11262
11265
11266
11267
11268
11269
11270
11272
11276
11278
11279
11280
11281
11283
11284
11285
11287
11289
11295
11297
11299
11301
11302
11303
11305
11307
11308
11310
11313
11315
11316
11317
11321
11326
11328
11329
11330
11331
11332
11333
11334
11336
11337
11340
11341
11342
11346
11347
11349
11350
11358
11361
11363
11365
11366
11369
11370
11372
11374
11375
11377
11379
11380
11381
11385
11388
11390
11391
11392
11393
11395
11396
11397
11398
11399
11400
11404
11406
11407
11409
11411
11412
11414
11415
11420
11421
11425
11426
11427
11433
11436
11439
11440
11441
11442
11443
11444
11446
11448
11450
11454
11455
11457
11459
11462
11463
11466
11469
11470
11471
11473
11474
11475
11477
11479
11482
11484
11485
11487
11489
11490
11491
11495
11500
11502
11503
11505
11506
11507
11510
11511
11514
11516
11518
11521
11522
11523
11524
11533
11535
11536
11537
11540
11541
11548
11549
11551
11552
11553
11555
11556
11559
11562
11564
11565
11567
11569
11570
11572
11573
11581
11583
11585
11588
11589
11594
11596
11601
11603
11604
11607
11610
11611
11612
11615
11616
11617
11618
11619
11620
11624
11626
11628
11631
11632
11633
11640
11643
11644
11647
11649
11651
11652
11658
11661
11663
11665
11667
11668
11669
11671
11674
11677
11679
11680
11681
11682
11685
11692
11693
11695
11696
11697
11698
11700
11701
11705
11706
11710
11711
11712
11713
11714
11722
11725
11726
11727
11729
11730
11733
11734
11736
11741
11743
11745
11749
11752
11754
11756
11757
11759
11760
11761
11768
11770
11771
11773
11775
11777
11778
11779
11781
11784
11785
11789
11790
11791
11792
11794
11797
11802
11804
11805
11807
11808
11810
11813
11818
11819
11821
11822
11823
11826
11830
11834
11835
11837
11838
11841
11842
11843
11846
11851
11853
11859
11864
11866
11867
11869
11870
11871
11874
11875
11880
11882
11885
11886
11887
11888
11890
11896
11897
11901
11902
11903
11905
11912
11915
11916
11917
11919
11920
11926
11929
11931
11933
11938
11939
11944
11945
11947
11951
11952
11953
11960
11965
11967
11968
11971
11974
11976
11979
11980
11981
11982
11983
11984
11990
11992
11995
11996
11997
11998
12000
12004
12007
12008
12011
12012
12013
12015
12016
12024
12025
12027
12028
12029
12031
12035
12036
12038
12041
12043
12044
12045
12046
12048
12049
12056
12057
12060
12061
12062
12064
12065
12069
12070
12075
12076
12077
12086
12089
12090
12091
12093
12105
12107
12108
12109
12112
12113
12116
12121
12123
12124
12125
12128
12133
12134
12135
12137
12139
12141
12150
12153
12154
12155
12156
12158
12161
12166
12168
12169
12171
12172
12174
12176
12177
12182
12185
12186
12187
12190
12198
12199
12201
12202
12205
12206
12215
12217
12219
12223
12230
12231
12233
12235
12238
12239
12246
12249
12250
12251
12254
12259
12260
12261
12265
12266
12267
12268
12269
12273
12276
12280
12281
12282
12283
12284
12286
12290
12295
12297
12298
12299
12302
12308
12309
12311
12315
12317
12319
12324
12329
12331
12332
12335
12338
12340
12343
12345
12346
12347
12348
12351
12354
12356
12360
12361
12362
12364
12371
12372
12375
12376
12377
12379
12380
12384
12391
12392
12393
12395
12399
12400
12402
12405
12407
12409
12410
12420
12421
12423
12424
12425
12428
12429
12439
12440
12441
12443
12444
12447
12450
12455
12456
12457
12463
12469
12470
12471
12472
12473
12476
12480
12484
12485
12487
12489
12492
12493
12497
12501
12503
12505
12512
12517
12519
12520
12525
12530
12535
12536
12537
12538
12540
12541
12546
12551
12552
12553
12554
12562
12566
12567
12569
12570
12578
12579
12581
12583
12589
12594
12595
12597
12599
12602
12603
12610
12613
12615
12617
12618
12623
12624
12625
12629
12630
12631
12633
12637
12638
12640
12644
12645
12646
12647
12648
12650
12653
12654
12659
12661
12662
12666
12673
12675
12678
12679
12681
12682
12688
12693
12695
12696
12699
12702
12707
12709
12711
12712
12715
12720
12725
12726
12728
12735
12736
12739
12740
12741
12744
12755
12756
12757
12759
12763
12764
12766
12771
12773
12774
12778
12784
12785
12787
12789
12791
12798
12800
12803
12804
12805
12807
12808
12811
12819
12821
12822
12823
12824
12827
12832
12835
12836
12837
12840
12848
12849
12851
12852
12853
12856
12861
12865
12867
12869
12872
12876
12881
12883
12884
12885
12889
12894
12896
12899
12900
12901
12905
12909
12910
12915
12916
12917
12918
12923
12926
12930
12931
12932
12933
12934
12945
12947
12948
12949
12952
12958
12960
12961
12963
12968
12974
12977
12979
12981
12982
12987
12989
12993
12994
12995
12997
12998
13001
13002
13006
13009
13011
13012
13017
13023
13025
13026
13030
13033
13034
13037
13038
13042
13043
13045
13046
13057
13059
13060
13062
13066
13068
13071
13073
13078
13079
13084
13089
13090
13092
13094
13099
13100
13105
13106
13107
13108
13119
13121
13122
13123
13128
13130
13137
13138
13142
13143
13149
13151
13153
13155
13164
13167
13169
13171
13180
13183
13185
13186
13187
13188
13191
13196
13199
13200
13201
13202
13207
13209
13212
13215
13216
13217
13225
13228
13229
13231
13232
13233
13236
13239
13245
13248
13252
13253
13260
13264
13273
13274
13279
13280
13281
13287
13290
13293
13294
13295
13296
13297
13298
13303
13309
13311
13313
13316
13324
13325
13327
13332
13337
13338
13339
13341
13343
13345
13346
13349
13351
13354
13357
13358
13361
13362
13365
13366
13370
13372
13373
13377
13378
13381
13386
13389
13390
13391
13394
13397
13399
13401
13402
13405
13406
13407
13409
13410
13413
13421
13423
13426
13428
13434
13435
13437
13439
13448
13450
13453
13454
13455
13457
13458
13464
13470
13471
13472
13473
13486
13487
13492
13494
13499
13501
13502
13503
13506
13507
13511
13513
13515
13517
13519
13527
13531
13533
13535
13539
13544
13547
13549
13550
13551
13555
13558
13560
13563
13564
13565
13566
13567
13571
13576
13579
13580
13581
13582
13583
13588
13589
13595
13596
13597
13598
13599
13600
13604
13608
13609
13612
13624
13627
13628
13643
13644
13645
13651
13654
13661
13662
13667
13668
13672
13673
13674
13676
13677
13680
13684
13689
13691
13696
13701
13705
13707
13708
13709
13710
13712
13715
13721
13722
13725
13729
13736
13737
13740
13741
13742
13744
13745
13750
13753
13755
13756
13757
13758
13761
13763
13765
13766
13770
13771
13772
13773
13774
13782
13787
13790
13792
13793
13794
13798
13799
13801
13803
13817
13819
13821
13828
13835
13836
13837
13838
13842
13849
13850
13851
13852
13854
13856
13857
13858
13859
13862
13863
13865
13866
13867
13870
13871
13873
13877
13878
13881
13882
13883
13891
13892
13895
13897
13899
13903
13906
13911
13913
13915
13919
13927
13929
13931
13935
13943
13944
13945
13946
13947
13955
13956
13959
13960
13961
13962
13964
13968
13969
13975
13976
13988
13991
13992
14004
14007
14009
14012
14013
14015
14016
14018
14025
14026
14027
14031
14032
14036
14041
14044
14052
14053
14055
14060
14061
14065
14070
14071
14072
14074
14076
14078
14079
14086
14093
14098
14100
14101
14104
14105
14109
14113
14117
14119
14120
14121
14122
14123
14125
14127
14129
14136
14137
14142
14143
14146
14151
14153
14154
14156
14158
14162
14163
14164
14165
14167
14172
14177
14181
14183
14188
14191
14197
14199
14200
14201
14205
14206
14208
14210
14213
14214
14215
14216
14221
14226
14227
14229
14230
14231
14232
14234
14237
14241
14242
14245
14246
14247
14253
14258
14259
14261
14268
14270
14275
14277
14283
14287
14291
14293
14295
14297
14299
14309
14310
14311
14317
14319
14320
14323
14325
14326
14332
14333
14338
14339
14346
14355
14356
14358
14359
14362
14363
14364
14368
14371
14375
14376
14380
14382
14383
14384
14390
14391
14396
14400
14405
14407
14408
14413
14419
14421
14422
14423
14424
14425
14427
14429
14435
14436
14443
14450
14457
14459
14460
14464
14465
14468
14469
14473
14477
14481
14484
14486
14487
14489
14491
14493
14499
14500
14501
14506
14507
14508
14509
14510
14515
14517
14520
14522
14523
14529
14531
14532
14533
14536
14541
14545
14552
14554
14555
14561
14562
14564
14565
14568
14569
14570
14574
14576
14577
14580
14584
14591
14594
14596
14599
14601
14606
14609
14610
14611
14613
14617
14619
14622
14624
14625
14635
14639
14641
14643
14647
14651
14654
14655
14659
14661
14662
14663
14668
14674
14676
14678
14681
14682
14683
14684
14690
14692
14696
14697
14702
14706
14711
14719
14720
14723
14724
14725
14726
14727
14728
14731
14732
14735
14739
14742
14745
14746
14747
14748
14754
14755
14760
14764
14768
14769
14771
14772
14775
14777
14784
14786
14788
14791
14792
14793
14800
14807
14809
14814
14817
14823
14824
14825
14829
14830
14831
14832
14833
14837
14839
14841
14845
14851
14855
14857
14863
14864
14865
14867
14870
14872
14874
14877
14878
14879
14881
14884
14886
14896
14897
14898
14909
14910
14916
14919
14924
14925
14926
14928
14929
14930
14932
14939
14941
14944
14947
14948
14955
14960
14961
14962
14963
14965
14969
14970
14974
14975
14977
14978
14981
14982
14986
14988
14991
14993
14994
14996
15002
15007
15010
15011
15015
15019
15023
15025
15026
15027
15032
15033
15039
15042
15045
15046
15047
15053
15056
15061
15063
15070
15072
15074
15075
15077
15079
15084
15091
15095
15096
15102
15106
15111
15116
15118
15119
15124
15125
15133
15135
15136
15138
15139
15141
15151
15152
15155
15156
15157
15163
15164
15171
15179
15181
15182
15183
15187
15194
15197
15201
15202
15203
15210
15215
15218
15219
15220
15221
15226
15227
15229
15231
15232
15233
15236
15240
15241
15243
15245
15246
15247
15248
15262
15264
15265
15269
15273
15274
15276
15278
15280
15285
15288
15290
15292
15294
15296
15301
15308
15312
15318
15319
15324
15325
15327
15329
15333
15334
15338
15339
15341
15345
15346
15352
15357
15373
15374
15378
15379
15381
15387
15388
15390
15391
15394
15395
15397
15401
15403
15406
15410
15411
15413
15417
15418
15420
15424
15425
15427
15430
15433
15437
15439
15441
15442
15443
15449
15455
15462
15464
15466
15470
15473
15474
15475
15478
15479
15481
15482
15487
15488
15495
15497
15500
15501
15502
15504
15511
15516
15519
15520
15521
15527
15529
15535
15539
15543
15545
15546
15547
15550
15551
15561
15566
15573
15574
15579
15580
15584
15585
15588
15591
15593
15594
15595
15596
15597
15600
15604
15607
15610
15611
15612
15629
15636
15637
15640
15642
15643
15649
15652
15656
15658
15665
15672
15676
15679
15682
15684
15688
15691
15695
15698
15700
15702
15717
15719
15721
15733
15734
15735
15739
15740
15743
15745
15747
15749
15751
15755
15759
15761
15765
15766
15767
15770
15774
15775
15779
15780
15782
15784
15785
15789
15790
15791
15794
15800
15801
15806
15807
15819
15821
15828
15829
15834
15839
15843
15845
15846
15850
15851
15852
15858
15859
15861
15865
15866
15868
15872
15875
15882
15884
15885
15888
15892
15894
15896
15897
15898
15904
15910
15911
15914
15921
15925
15929
15930
15933
15943
15949
15950
15955
15957
15959
15971
15974
15975
15984
15988
15990
15994
15998
16001
16002
16004
16006
16016
16021
16022
16029
16034
16036
16037
16043
16044
16045
16050
16051
16052
16055
16059
16062
16065
16066
16067
16070
16074
16084
16085
16089
16092
16095
16097
16100
16104
16111
16113
16114
16120
16129
16130
16131
16134
16137
16139
16143
16144
16146
16149
16151
16153
16155
16157
16171
16183
16189
16192
16194
16195
16198
16200
16206
16214
16216
16218
16222
16229
16237
16239
16243
16244
16245
16246
16249
16255
16256
16259
16260
16261
16267
16275
16283
16286
16289
16292
16294
16300
16305
16306
16307
16314
16316
16321
16339
16340
16343
16344
16347
16349
16350
16351
16352
16359
16365
16366
16369
16384
16385
16389
16392
16393
16398
16399
16400
16404
16405
16412
16414
16415
16426
16430
16431
16438
16439
16445
16449
16453
16456
16459
16461
16469
16471
16477
16484
16489
16494
16498
16500
16501
16503
16505
16507
16510
16514
16515
16517
16521
16522
16538
16541
16544
16547
16552
16553
16559
16563
16566
16568
16571
16582
16585
16586
16589
16594
16598
16599
16601
16604
16610
16615
16626
16631
16638
16639
16640
16644
16647
16649
16653
16654
16655
16669
16671
16677
16693
16694
16699
16700
16701
16704
16708
16711
16714
16715
16716
16730
16738
16744
16749
16754
16756
16760
16762
16769
16776
16780
16787
16793
16794
16798
16799
16802
16804
16807
16820
16821
16839
16840
16841
16844
16848
16853
16855
16856
16859
16863
16865
16867
16869
16870
16871
16881
16885
16886
16889
16893
16894
16904
16909
16911
16914
16916
16924
16932
16939
16949
16953
16954
16955
16956
16962
16963
16965
16969
16970
16972
16979
16990
16995
16999
17002
17014
17023
17037
17039
17041
17042
17049
17054
17063
17064
17065
17075
17079
17083
17086
17094
17095
17099
17102
17104
17108
17110
17111
17124
17126
17144
17148
17149
17151
17154
17155
17159
17163
17164
17169
17171
17174
17185
17197
17204
17209
17212
17215
17217
17224
17227
17230
17231
17234
17235
17249
17253
17254
17257
17259
17261
17275
17294
17296
17299
17303
17308
17314
17318
17320
17322
17324
17326
17327
17334
17336
17340
17341
17349
17357
17359
17364
17365
17371
17379
17382
17387
17394
17403
17404
17410
17418
17425
17434
17443
17445
17450
17454
17457
17463
17469
17473
17494
17504
17508
17509
17512
17515
17518
17519
17530
17535
17538
17549
17554
17557
17559
17563
17565
17579
17581
17598
17599
17603
17604
17606
17609
17612
17614
17618
17619
17621
17625
17626
17640
17645
17659
17664
17667
17670
17672
17675
17686
17689
17704
17708
17712
17714
17716
17719
17728
17730
17732
17735
17751
17754
17758
17759
17760
17769
17773
17781
17789
17791
17795
17804
17807
17809
17813
17814
17819
17820
17823
17834
17842
17844
17858
17861
17864
17865
17867
17879
17880
17883
17884
17891
17902
17905
17909
17913
17924
17944
17949
17959
17963
17964
17967
17970
17973
17974
17985
17989
17990
17993
18005
18009
18010
18014
18016
18031
18034
18036
18039
18046
18054
18058
18059
18064
18069
18073
18074
18095
18099
18113
18114
18117
18119
18122
18127
18129
18141
18145
18146
18159
18160
18164
18169
18171
18174
18176
18179
18183
18184
18187
18199
18206
18209
18213
18214
18215
18222
18224
18228
18229
18230
18244
18248
18252
18255
18259
18262
18264
18268
18274
18275
18289
18294
18319
18320
18324
18331
18334
18339
18343
18357
18362
18364
18368
18373
18377
18379
18380
18381
18384
18399
18403
18404
18414
18418
18419
18425
18428
18438
18440
18444
18445
18447
18460
18464
18465
18468
18469
18477
18479
18484
18486
18488
18489
18491
18509
18513
18514
18517
18523
18524
18529
18530
18532
18533
18538
18547
18550
18554
18556
18559
18563
18565
18569
18572
18574
18577
18600
18612
18614
18619
18624
18626
18629
18632
18638
18639
18642
18649
18654
18661
18669
18670
18672
18677
18679
18683
18685
18699
18702
18703
18707
18710
18714
18719
18723
18729
18730
18744
18749
18766
18767
18774
18775
18779
18789
18794
18795
18802
18812
18814
18824
18827
18828
18832
18834
18835
18836
18839
18854
18858
18859
18863
18865
18869
18877
18880
18882
18883
18887
18893
18899
18901
18911
18915
18920
18924
18927
18932
18934
18939
18943
18948
18959
18964
18968
18969
18976
18978
18979
18983
18984
18985
18987
18988
18993
19005
19009
19011
19018
19020
19024
19025
19027
19028
19029
19032
19033
19048
19052
19053
19066
19067
19069
19074
19079
19081
19084
19087
19093
19094
19097
19109
19113
19124
19125
19129
19132
19134
19137
19154
19158
19160
19162
19166
19169
19173
19174
19175
19178
19179
19184
19185
19187
19199
19221
19229
19230
19234
19237
19245
19249
19250
19264
19267
19269
19279
19282
19283
19285
19286
19287
19289
19291
19294
19298
19305
19307
19309
19313
19314
19319
19331
19333
19334
19335
19337
19349
19351
19352
19354
19356
19359
19375
19377
19379
19382
19394
19414
19417
19419
19423
19424
19431
19433
19437
19439
19440
19442
19447
19451
19460
19468
19469
19477
19479
19480
19484
19488
19491
19499
19503
19504
19507
19508
19514
19519
19521
19522
19524
19529
19534
19537
19538
19539
19543
19549
19552
19553
19564
19567
19572
19580
19584
19587
19589
19593
19597
19608
19609
19613
19614
19615
19616
19617
19621
19624
19629
19630
19632
19633
19634
19637
19639
19644
19646
19649
19652
19653
19654
19657
19667
19674
19677
19682
19683
19684
19685
19689
19697
19701
19702
19704
19719
19724
19734
19737
19744
19746
19749
19751
19753
19762
19769
19773
19774
19781
19787
19789
19792
19797
19799
19803
19806
19807
19811
19814
19822
19823
19827
19830
19832
19834
19839
19843
19845
19846
19849
19857
19869
19871
19872
19874
19879
19886
19894
19895
19897
19899
19901
19906
19915
19916
19924
19931
19932
19934
19935
19937
19939
19941
19943
19954
19956
19959
19962
19963
19967
19969
19977
19978
19979
19984
19986
19989
19992
19993
19997
20000
20004
20007
20019
20027
20031
20035
20039
20040
20044
20047
20048
20052
20063
20064
20069
20070
20077
20079
20084
20085
20087
20089
20092
20094
20099
20100
20101
20104
20105
20107
20109
20112
20122
20124
20129
20131
20137
20138
20140
20144
20147
20149
20153
20157
20159
20174
20175
20177
20179
20185
20187
20189
20190
20193
20194
20197
20199
20201
20202
20207
20213
20217
20219
20221
20229
20236
20241
20242
20243
20244
20245
20247
20249
20254
20257
20258
20262
20264
20266
20277
20278
20279
20285
20287
20289
20293
20294
20302
20304
20306
20310
20326
20334
20341
20347
20349
20352
20354
20357
20362
20370
20371
20372
20377
20379
20387
20389
20390
20392
20395
20396
20398
20403
20405
20407
20409
20411
20417
20427
20429
20433
20434
20437
20439
20444
20451
20452
20455
20457
20459
20468
20471
20472
20479
20483
20488
20494
20495
20499
20501
20502
20503
20507
20519
20523
20527
20532
20539
20542
20544
20547
20549
20551
20553
20557
20560
20562
20564
20567
20584
20587
20592
20593
20595
20597
20599
20600
20604
20607
20608
20612
20614
20623
20627
20629
20630
20634
20637
20641
20645
20649
20652
20654
20656
20657
20659
20662
20664
20669
20672
20684
20691
20697
20698
20700
20704
20709
20711
20712
20713
20717
20719
20722
20726
20733
20734
20737
20741
20742
20749
20753
20757
20759
20761
20767
20781
20787
20789
20794
20797
20801
20802
20804
20807
20809
20811
20817
20827
20834
20842
20844
20845
20846
20847
20851
20853
20854
20857
20862
20864
20866
20869
20870
20872
20873
20877
20882
20887
20892
20894
20899
20903
20907
20909
20912
20914
20919
20922
20923
20924
20927
20931
20934
20943
20949
20954
20956
20958
20969
20977
20987
20994
20997
20999
21002
21004
21012
21014
21015
21017
21019
21027
21035
21039
21040
21043
21047
21048
21052
21054
21055
21059
21061
21062
21063
21067
21069
21072
21076
21083
21084
21085
21087
21089
21092
21097
21099
21100
21104
21107
21109
21117
21120
21124
21127
21129
21131
21139
21147
21151
21152
21153
21155
21157
21159
21164
21167
21172
21174
21175
21177
21181
21184
21189
21190
21194
21197
21205
21207
21209
21212
21214
21216
21217
21221
21222
21224
21227
21232
21244
21249
21251
21257
21258
21260
21264
21272
21277
21279
21284
21287
21289
21294
21297
21299
21301
21306
21307
21309
21313
21317
21319
21321
21327
21332
21337
21345
21347
21349
21354
21361
21362
21364
21367
21369
21371
21374
21377
21378
21379
21389
21397
21398
21404
21405
21406
21407
21409
21410
21411
21413
21422
21424
21433
21437
21439
21447
21452
21454
21457
21459
21463
21467
21472
21474
21477
21479
21482
21483
21491
21494
21499
21503
21507
21509
21514
21518
21525
21527
21531
21540
21542
21544
21547
21553
21554
21555
21559
21562
21564
21567
21571
21575
21576
21577
21579
21584
21587
21592
21597
21599
21603
21607
21608
21612
21614
21615
21619
21621
21622
21623
21627
21629
21630
21639
21643
21645
21647
21649
21652
21664
21667
21669
21671
21676
21677
21680
21682
21687
21691
21697
21699
21704
21712
21713
21715
21717
21719
21724
21727
21734
21736
21737
21739
21741
21742
21747
21749
21754
21757
21760
21761
21765
21769
21772
21774
21781
21787
21804
21809
21811
21817
21829
21832
21833
21837
21845
21847
21852
21853
21857
21859
21861
21866
21869
21873
21877
21879
21881
21887
21892
21894
21897
21901
21902
21903
21905
21907
21909
21910
21914
21917
21924
21927
21929
21931
21934
21938
21939
21945
21947
21949
21954
21957
21958
21964
21967
21969
21970
21971
21973
21977
21984
21986
21997
22007
22012
22014
22017
22019
22023
22027
22032
22034
22037
22039
22042
22043
22047
22054
22055
22063
22067
22069
22084
22085
22089
22091
22102
22104
22107
22114
22117
22119
22124
22127
22131
22132
22135
22137
22139
22147
22152
22159
22163
22167
22168
22174
22179
22187
22189
22197
22204
22205
22207
22209
22212
22216
22217
22224
22227
22229
22231
22236
22237
22240
22242
22244
22247
22251
22257
22259
22264
22273
22275
22277
22279
22281
22287
22292
22294
22297
22301
22302
22307
22309
22314
22317
22321
22325
22327
22329
22332
22334
22347
22349
22362
22364
22365
22369
22371
22373
22377
22379
22381
22384
22385
22389
22392
22393
22394
22397
22405
22406
22407
22409
22417
22419
22420
22421
22426
22437
22439
22441
22447
22449
22452
22457
22463
22467
22469
22470
22474
22477
22487
22489
22498
22509
22517
22518
22522
22524
22529
22531
22533
22537
22540
22555
22557
22559
22567
22568
22572
22577
22579
22583
22587
22592
22594
22599
22603
22607
22614
22615
22623
22625
22627
22629
22637
22638
22644
22645
22651
22657
22664
22667
22671
22679
22684
22687
22691
22692
22695
22697
22699
22700
22707
22712
22715
22717
22719
22721
22723
22727
22734
22739
22747
22749
22757
22764
22765
22769
22772
22777
22782
22784
22787
22789
22791
22797
22804
22811
22817
22819
22832
22837
22839
22841
22847
22857
22860
22861
22862
22865
22867
22869
22873
22874
22877
22881
22885
22887
22889
22892
22894
22896
22907
22917
22922
22924
22925
22929
22931
22937
22939
22944
22945
22949
22953
22954
22957
22966
22969
22973
22977
22979
22981
22982
22986
22997
22999
23001
23007
23009
23010
23012
23014
23017
23021
23023
23027
23029
23030
23034
23037
23047
23049
23054
23055
23058
23065
23067
23069
23077
23084
23091
23093
23097
23099
23100
23114
23115
23117
23119
23127
23128
23137
23139
23143
23147
23154
23155
23159
23163
23167
23183
23185
23187
23189
23197
23202
23204
23205
23207
23211
23212
23215
23217
23220
23227
23231
23237
23239
23240
23244
23247
23251
23252
23255
23257
23259
23267
23272
23274
23275
23277
23279
23281
23283
23287
23294
23300
23309
23317
23324
23329
23332
23344
23347
23349
23351
23357
23360
23373
23377
23379
23385
23386
23392
23394
23397
23399
23401
23407
23409
23420
23421
23425
23427
23429
23434
23437
23441
23445
23447
23449
23454
23467
23469
23477
23478
23484
23485
23489
23491
23497
23505
23507
23509
23513
23517
23526
23532
23533
23537
23539
23541
23555
23557
23567
23569
23574
23577
23587
23590
23591
23602
23607
23609
23614
23615
23618
23627
23629
23630
23637
23644
23646
23651
23653
23655
23657
23659
23675
23677
23679
23687
23692
23695
23697
23699
23703
23707
23710
23714
23723
23727
23736
23743
23745
23747
23749
23751
23757
23759
23764
23767
23771
23775
23780
23787
23791
23796
23797
23799
23800
23804
23812
23815
23817
23819
23827
23834
23837
23839
23840
23841
23847
23865
23867
23869
23873
23877
23887
23888
23889
23892
23897
23907
23911
23917
23920
23924
23933
23937
23939
23945
23947
23952
23954
23957
23959
23961
23965
23969
23977
23981
23989
23994
23997
24001
24005
24007
24009
24014
24025
24027
24029
24031
24033
24037
24038
24044
24049
24054
24057
24065
24067
24069
24070
24073
24077
24086
24097
24099
24101
24114
24115
24117
24127
24134
24137
24147
24155
24165
24167
24169
24175
24178
24185
24187
24189
24195
24197
24215
24217
24219
24222
24227
24235
24237
24243
24247
24251
24255
24257
24259
24267
24270
24275
24280
24283
24287
24289
24298
24305
24307
24309
24317
24324
24327
24331
24344
24347
24349
24351
24357
24359
24364
24365
24372
24375
24377
24379
24387
24394
24400
24401
24407
24409
24425
24427
24429
24432
24433
24435
24437
24447
24449
24457
24465
24469
24471
24473
24477
24480
24492
24493
24497
24499
24505
24507
24517
24521
24525
24533
24537
24541
24547
24549
24554
24555
24557
24561
24565
24567
24569
24577
24587
24589
24591
24597
24605
24609
24610
24614
24617
24618
24625
24629
24633
24637
24639
24644
24655
24657
24659
24661
24675
24677
24687
24692
24694
24697
24707
24715
24729
24735
24737
24743
24745
24747
24751
24755
24757
24775
24777
24779
24787
24788
24795
24797
24799
24807
24815
24817
24819
24827
24841
24843
24847
24849
24851
24865
24867
24869
24875
24877
24887
24891
24897
24907
24911
24917
24925
24933
24935
24937
24950
24961
24967
24985
24987
24989
25007
25009
25017
25025
25029
25031
25037
25045
25052
25053
25057
25059
25061
25065
25067
25069
25073
25077
25080
25081
25085
25097
25101
25107
25109
25114
25115
25117
25121
25123
25125
25127
25129
25137
25145
25147
25149
25151
25157
25165
25167
25169
25174
25177
25182
25185
25191
25193
25195
25197
25199
25217
25219
25227
25235
25237
25243
25247
25252
25255
25257
25267
25274
25275
25280
25285
25289
25295
25297
25298
25305
25307
25311
25313
25315
25317
25319
25324
25327
25335
25337
25339
25340
25343
25355
25357
25359
25364
25365
25367
25374
25375
25377
25379
25383
25387
25403
25407
25411
25425
25427
25435
25437
25447
25451
25457
25465
25477
25485
25493
25495
25497
25499
25521
25525
25527
25529
25533
25537
25545
25547
25549
25553
25557
25561
25565
25567
25569
25573
25577
25585
25591
25593
25595
25597
25599
25605
25607
25613
25621
25625
25629
25633
25635
25637
25641
25645
25655
25657
25659
25661
25667
25669
25674
25683
25685
25687
25697
25705
25709
25711
25717
25725
25727
25729
25737
25743
25745
25751
25753
25757
25767
25777
25779
25787
25795
25797
25803
25807
25815
25817
25827
25835
25845
25847
25851
25855
25857
25858
25859
25862
25865
25867
25875
25877
25879
25887
25897
25899
25903
25907
25915
25917
25919
25925
25927
25933
25935
25937
25939
25943
25949
25965
25967
25975
25985
25987
25997
26007
26009
26011
26017
26033
26035
26037
26039
26045
26047
26053
26055
26057
26059
26061
26065
26069
26075
26085
26087
26093
26095
26097
26105
26107
26109
26113
26117
26121
26123
26125
26127
26129
26131
26133
26137
26145
26151
26153
26155
26157
26165
26173
26177
26179
26185
26193
26195
26201
26215
26217
26219
26227
26229
26235
26237
26243
26245
26247
26257
26267
26269
26271
26277
26285
26287
26289
26303
26304
26305
26311
26313
26315
26317
26327
26335
26337
26339
26343
26347
26351
26363
26367
26371
26375
26377
26379
26387
26389
26395
26403
26405
26407
26409
26411
26417
26419
26425
26427
26431
26437
26439
26447
26451
26457
26459
26467
26475
26477
26479
26485
26487
26495
26499
26501
26503
26507
26508
26509
26525
26527
26535
26537
26545
26547
26553
26557
26561
26563
26565
26567
26569
26571
26573
26577
26585
26593
26595
26597
26599
26605
26607
26613
26615
26617
26621
26633
26635
26644
26645
26647
26653
26655
26657
26663
26667
26669
26677
26683
26689
26691
26693
26695
26697
26698
26705
26713
26715
26717
26719
26721
26725
26729
26733
26735
26737
26739
26743
26753
26755
26761
26767
26775
26777
26781
26787
26795
26797
26803
26805
26807
26817
26825
26827
26829
26831
26835
26837
26851
26853
26855
26857
26863
26871
26873
26875
26887
26895
26897
26899
26907
26911
26915
26917
26923
26927
26931
26935
26937
26939
26941
26943
26947
26949
26951
26955
26962
26965
26967
26969
26971
26985
26987
26995
26997
26999
27007
27011
27015
27017
27019
27025
27027
27033
27045
27047
27053
27055
27061
27063
27065
27067
27069
27085
27087
27089
27095
27097
27107
27117
27121
27125
27127
27129
27131
27133
27137
27153
27155
27157
27159
27165
27167
27177
27181
27185
27187
27189
27193
27195
27205
27207
27209
27213
27215
27217
27221
27223
27225
27227
27229
27235
27237
27243
27245
27247
27253
27261
27265
27267
27273
27275
27277
27285
27287
27289
27293
27295
27297
27299
27303
27311
27313
27315
27317
27319
27321
27327
27334
27335
27337
27343
27347
27355
27357
27363
27371
27377
27378
27379
27381
27383
27385
27394
27397
27399
27403
27411
27413
27415
27419
27423
27427
27431
27433
27435
27439
27455
27457
27467
27471
27477
27483
27487
27489
27491
27495
27505
27507
27509
27511
27515
27529
27531
27535
27537
27545
27547
27555
27557
27565
27567
27571
27575
27577
27593
27595
27597
27607
27613
27615
27621
27623
27625
27627
27629
27635
27647
27649
27665
27667
27669
27671
27673
27677
27681
27685
27687
27689
27691
27697
27705
27707
27712
27713
27715
27725
27727
27729
27733
27737
27741
27745
27747
27749
27753
27755
27759
27765
27767
27769
27773
27775
27777
27781
27783
27785
27787
27789
27797
27798
27803
27805
27809
27811
27813
27821
27827
27831
27833
27835
27837
27839
27843
27845
27847
27859
27863
27867
27871
27873
27875
27877
27879
27881
27895
27897
27903
27905
27907
27917
27923
27925
27935
27937
27941
27943
27945
27947
27954
27957
27963
27965
27967
27971
27973
27975
27977
27979
27983
27995
27997
27999
28003
28007
28011
28015
28017
28023
28027
28031
28033
28035
28037
28039
28041
28043
28055
28061
28063
28067
28069
28077
28079
28089
28091
28093
28099
28103
28105
28107
28113
28115
28117
28129
28131
28135
28137
28139
28141
28157
28163
28165
28167
28169
28173
28175
28185
28187
28189
28195
28197
28199
28209
28213
28215
28217
28225
28227
28229
28231
28235
28237
28245
28247
28249
28251
28255
28267
28273
28275
28277
28283
28285
28287
28293
28295
28301
28305
28307
28309
28313
28321
28323
28325
28327
28329
28335
28345
28347
28351
28357
28358
28363
28365
28369
28371
28381
28385
28387
28391
28392
28393
28405
28407
28411
28419
28423
28427
28431
28433
28435
28437
28439
28441
28443
28455
28457
28463
28465
28467
28485
28491
28495
28497
28503
28517
28519
28523
28525
28527
28539
28543
28545
28553
28555
28557
28559
28563
28565
28567
28571
28575
28577
28583
28585
28587
28591
28593
28597
28599
28601
28603
28605
28613
28615
28621
28625
28627
28629
28637
28647
28649
28651
28653
28655
28657
28659
28661
28663
28675
28677
28681
28685
28687
28689
28691
28695
28699
28701
28705
28713
28715
28717
28721
28723
28725
28733
28735
28737
28741
28747
28749
28757
28759
28761
28763
28769
28781
28783
28785
28787
28791
28793
28795
28797
28811
28813
28815
28817
28819
28821
28827
28833
28839
28843
28845
28847
28849
28853
28855
28857
28859
28867
28869
28873
28875
28877
28879
28883
28895
28897
28905
28907
28909
28915
28917
28919
28923
28925
28929
28931
28945
28947
28951
28953
28955
28957
28965
28967
28973
28979
28981
28983
28991
29001
29003
29005
29007
29015
29025
29031
29033
29041
29045
29049
29051
29063
29065
29071
29077
29087
29088
29089
29091
29093
29099
29101
29111
29115
29117
29119
29123
29125
29127
29141
29145
29147
29149
29161
29163
29167
29169
29173
29181
29185
29187
29197
29199
29207
29209
29211
29221
29223
29225
29227
29235
29237
29245
29247
29249
29251
29255
29257
29259
29261
29265
29267
29273
29281
29283
29297
29301
29307
29309
29317
29319
29329
29333
29335
29337
29341
29343
29345
29355
29357
29359
29365
29369
29371
29373
29375
29377
29379
29381
29385
29387
29393
29395
29398
29399
29401
29403
29405
29413
29415
29417
29419
29421
29433
29437
29441
29443
29448
29463
29465
29467
29469
29471
29473
29475
29477
29479
29493
29495
29499
29503
29505
29507
29511
29517
29527
29531
29533
29535
29537
29539
29551
29555
29557
29562
29563
29565
29575
29577
29585
29595
29597
29599
29601
29603
29609
29611
29625
29627
29631
29633
29635
29637
29639
29647
29648
29659
29661
29663
29665
29667
29671
29673
29683
29685
29687
29691
29693
29695
29697
29699
29709
29713
29721
29723
29725
29733
29735
29741
29745
29747
29769
29771
29773
29781
29783
29789
29795
29797
29799
29801
29805
29807
29817
29819
29821
29823
29825
29827
29829
29841
29847
29849
29857
29861
29865
29867
29877
29881
29887
29893
29903
29905
29907
29915
29917
29925
29927
29933
29935
29937
29939
29941
29945
29955
29957
29961
29963
29965
29977
29991
29997
30015
30017
30019
30023
30025
30032
30037
30041
30043
30052
30053
30055
30059
30063
30065
30067
30071
30073
30075
30077
30083
30095
30097
30099
30101
30111
30123
30133
30145
30149
30151
30153
30155
30157
30159
30171
30175
30185
30187
30191
30193
30195
30197
30207
30211
30215
30217
30219
30221
30229
30231
30233
30235
30237
30242
30243
30245
30247
30253
30257
30259
30275
30281
30283
30287
30289
30291
30295
30309
30311
30315
30317
30319
30327
30328
30329
30343
30345
30347
30349
30351
30353
30355
30365
30367
30369
30373
30377
30379
30389
30401
30411
30413
30415
30419
30425
30427
30441
30443
30447
30449
30451
30453
30463
30475
30477
30479
30481
30483
30487
30499
30501
30503
30505
30507
30509
30511
30527
30529
30537
30539
30541
30545
30547
30557
30561
30585
30587
30597
30605
30611
30613
30615
30623
30637
30641
30643
30645
30657
30663
30671
30673
30681
30683
30693
30695
30697
30698
30703
30707
30709
30712
30719
30721
30723
30731
30732
30733
30743
30751
30755
30757
30761
30767
30773
30777
30779
30781
30793
30805
30807
30813
30829
30835
30841
30853
30859
30869
30871
30875
30877
30881
30887
30889
30891
30897
30911
30913
30915
30917
30927
30929
30939
30949
30961
30965
30967
30969
30973
30975
30997
31001
31003
31009
31023
31025
31027
31031
31033
31035
31045
31047
31049
31051
31053
31059
31061
31063
31069
31073
31091
31093
31095
31097
31099
31105
31107
31121
31127
31131
31133
31135
31143
31159
31163
31167
31169
31183
31185
31187
31189
31195
31205
31207
31217
31227
31229
31231
31241
31243
31263
31265
31267
31269
31291
31293
31297
31299
31303
31305
31315
31317
31319
31321
31323
31325
31327
31345
31353
31355
31357
31361
31363
31373
31377
31401
31403
31413
31421
31427
31429
31431
31435
31437
31453
31457
31459
31461
31473
31487
31489
31497
31509
31511
31513
31519
31549
31555
31557
31561
31571
31577
31593
31595
31597
31607
31621
31623
31629
31645
31647
31651
31655
31669
31675
31681
31687
31691
31693
31703
31707
31713
31715
31727
31729
31731
31733
31743
31755
31777
31783
31785
31789
31791
31807
31813
31825
31839
31841
31843
31847
31849
31851
31861
31863
31865
31875
31885
31907
31911
31921
31923
31937
31943
31947
31949
31959
31975
31979
31981
31983
31985
32001
32005
32009
32023
32035
32041
32043
32045
32057
32081
32083
32107
32109
32115
32119
32131
32133
32137
32139
32141
32167
32169
32171
32177
32179
32189
32219
32237
32247
32251
32253
32275
32277
32286
32287
32289
32301
32303
32313
32325
32327
32329
32335
32365
32371
32373
32377
32387
32393
32409
32411
32413
32445
32461
32463
32469
32471
32497
32519
32529
32531
32543
32545
32547
32549
32559
32582
32595
32601
32629
32631
32655
32657
32659
32663
32665
32677
32679
32681
32691
32696
32701
32703
32723
32727
32737
32739
32753
32759
32763
32765
32793
32795
32797
32799
32801
32815
32821
32825
32849
32851
32857
32859
32873
32883
32896
32897
32923
32925
32931
32943
32947
32955
32957
32966
32983
32985
32987
32993
33005
33019
33024
33053
33057
33067
33091
33093
33106
33117
33119
33141
33143
33151
33177
33187
33189
33203
33209
33218
33225
33227
33229
33237
33279
33285
33287
33335
33347
33359
33361
33365
33376
33417
33473
33479
33481
33482
33495
33497
33503
33531
33537
33553
33569
33575
33579
33605
33611
33613
33615
33627
33637
33641
33665
33667
33673
33675
33699
33713
33747
33771
33773
33799
33809
33833
33835
33857
33867
33898
33905
33907
33909
33933
33957
33959
33965
33967
33992
33993
34025
34041
34043
34056
34101
34127
34151
34159
34161
34175
34177
34186
34187
34199
34219
34233
34289
34295
34297
34307
34311
34319
34345
34355
34369
34391
34429
34443
34453
34455
34481
34483
34489
34513
34515
34529
34547
34552
34553
34563
34589
34602
34615
34639
34651
34672
34673
34674
34683
34712
34721
34781
34783
34809
34841
34867
34917
34975
34977
34991
34998
35049
35111
35135
35161
35171
35207
35209
35232
35245
35259
35269
35271
35280
35297
35305
35331
35363
35379
35392
35416
35426
35455
35461
35463
35489
35499
35537
35539
35548
35586
35655
35671
35683
35684
35715
35733
35793
35803
35865
35912
35916
35951
35977
35979
35985
35987
36009
36049
36075
36085
36096
36111
36147
36242
36266
36279
36305
36353
36362
36363
36364
36413
36471
36609
36692
36717
36767
36793
36801
36803
37033
37035
37042
37085
37095
37121
37151
37156
37167
37169
37179
37229
37276
37287
37325
37470
37475
37619
37639
37862
37885
37956
37967
37983
38034
38053
38069
38092
38166
38286
38289
38335
38406
38520
38529
38556
38581
38689
38736
38761
38772
38869
38870
38966
39211
39260
39296
39345
39686
39772
39820
39940
39976
40039
40054
40257
40344
40415
40489
40685
40890
41207
41435
41671
41864
41875
41985
42098
42109
42180
42277
42680
42777
43426
43516
43860
43985
44150
44359
44436
44588
45211
45405
45770
45795
46554
46999
47190
48524
51989
59149
71435
75053
75643
76183
76827
76973
77307
78303
80163
